1.0256259743728945e-13 1.1444419007974073e-9
5.179474679231965e-13 1.2079007474253732e-9
2.136339791152983e-12 1.2079007474253732e-9
2.3048218509523346e-11 1.4201811696859762e-9
2.0309176209050877e-10 7.431795487840039e-10
6.183135888418667e-10 3.8890519992806194e-10
7.196856730012648e-10 1.0649856353505248e-10
7.963406789960657e-10 1.893842027331074e-11
9.269001811443882e-10 2.864384071493696e-12
1.02562597437284e-9 4.826071479434507e-13
2.0829618638114014e-9 5.093675216780739e-13
9.037409390019182e-9 9.733773809040357e-13
5.3122037646262157e-8 2.1869746550097117e-12
6.341584770238448e-7 7.169167874148719e-12
0.000009750143083220685 2.9163775740534064e-11
0.000026826957952802868 5.882084376197424e-11
0.00004923882631707879 1.1863661590504362e-10
0.00008167476848280889 3.3077391229922666e-10
0.00014990778107931078 1.9632190067905422e-9
0.0009269001811445512 3.36778028306911e-9
0.003634457212918957 4.913672985920955e-9
0.011065117854512807 6.097562352214966e-9
0.014251026703034627 8.429100850285077e-9
0.017448505784302078 1.2980195990184553e-8
0.026156667852735592 1.3699942677166331e-8
0.07196856730013884 9.389798010477536e-9
0.26826957952806163 5.186134191838267e-9
1.1065117854512987 2.864384071493579e-9
10.788648231417945 1.0273507681793783e-9
73.81283196141587 4.82607147943429e-10
719.6856730014001 2.0351374681738618e-10
9037.409390021288 9.560239010953936e-11
26156.667852735594 8.131230080631101e-11
43387.30126093307 2.1096905134063786e-11
58780.16072276751 7.98626560971618e-12
83767.76400685392 1.6697684466457533e-12
146162.2314811104 1.472206564843733e-13
208296.1863811717 2.3501400846138257e-14
328460.77743650414 3.190848980629591e-15
444991.43131142785 7.431795487840678e-16
634158.477023863 1.639999629748742e-16
903740.9390019588 3.819717549284352e-17
