1.7448505784300366e-14 0.0000031908489806291865
1.8354233977521708e-14 4.826071479434083e-7
5.3122037646266286e-14 3.307739122992124e-7
1.3894954943734315e-13 2.6655157314162185e-7
2.3048218509524287e-13 1.9282185207892748e-7
2.4244620170829555e-13 0.000005777217924132827
7.381283196141104e-13 0.000004655525931158063
2.030917620905279e-12 0.000003554522355611968
1.1348672281083521e-11 0.000002864384071493456
3.634457212918838e-11 0.0000018600784018073315
1.2243683313421302e-10 7.843885581451803e-7
3.543647785579489e-10 2.969314848202594e-7
1.025625974373012e-9 9.057977759426105e-8
1.078864823141746e-7 8.5821035432538e-8
0.000006841712731580686 5.002864610575499e-8
0.000026826957952805504 5.5730604012741596e-8
0.000051794746792328754 8.5821035432538e-8
0.00008167476848281625 1.730936954659126e-7
0.00011065117854513078 3.491151937172571e-7
0.00013547779883630755 7.843885581451803e-7
0.0001930697728883988 0.000002864384071493456
0.00048008560184135084 0.000002864384071493456
0.0013894954943736817 0.000002864384071493456
