1.354777988363142e-14 0.8278825906280024
1.5374931403554356e-13 0.06208243607191012
2.1910855798930618e-13 0.04491007186289265
6.028645961507934e-13 0.016107615346176652
2.0309176209054865e-12 0.004655525931157858
8.811603465433316e-12 0.0010273507681792878
5.4483341621624775e-11 0.0001639999629748447
1.6587472649506516e-10 0.000052802714564813496
7.963406789962122e-10 0.000011039991779174156
1.7895640746373126e-9 0.000005473703262878329
7.017038286705989e-9 0.0000013455698580999893
2.8942661247175925e-8 3.307739122992124e-7
8.376776400685288e-8 1.1240386637721063e-7
2.1910855798928288e-7 5.002864610575499e-8
3.1225219107676724e-7 3.619043056252204e-8
5.448334162162165e-7 2.6179946215855394e-8
0.0000010000000000002782 2.4804544143142453e-8
0.0000019306977288838063 2.7631613784547867e-8
0.000004338730126093147 4.031519362860654e-8
0.000010256259743730666 6.552488237367468e-8
0.000020829618638118702 1.1240386637721063e-7
0.000036344572129190164 2.0351374681737743e-7
0.00007017038286706248 4.826071479434083e-7
0.0001106511785451326 0.0000011444419007973582
0.0001835423397752486 0.000003554522355611968
0.00033687790490160956 0.00002763161378454668
0.0005587953033776837 0.0002267089941041482
0.0009269001811447256 0.0016697684466455364
0.0012557439628242005 0.008896491128198094
0.0019801737394062233 0.10649856353503843
0.0026826957952812524 0.7843885581451133
