1.2854597475969274 5.788818432690593e-11
1.3338868781216278 3.857722066530039e-11
1.3841480058280617 2.5496162599211403e-11
1.4783140320129746 1.8922495789195907e-11
1.581857286458331 1.488201954259371e-11
1.7592003612898468 1.1801642265222482e-11
1.9079081517285246 9.835710907082176e-12
2.061221100951989 8.197266691668451e-12
2.184230215019501 7.179845648236578e-12
2.34148479321807 6.393746240363618e-12
2.519865674026742 5.4176750122351285e-12
2.690997880780788 4.590611111980521e-12
2.8735528848269007 4.225706024204013e-12
3.06861998278231 3.701223609016536e-12
3.171724420681492 2.7018092005137294e-12
3.310010432897239 2.0052026661264352e-12
3.427829569402713 1.4637524193450741e-12
3.501709817432466 1.282075700771347e-12
3.597738123591762 1.199876895194698e-12
3.7682184884125345 1.1801642265222772e-12
4.0860145124567335 1.2199188310126988e-12
4.246510942962162 1.282075700771347e-12
4.430765820632887 1.2098563631047514e-12
4.677272244317219 1.0167033267314758e-12
4.842952431044374 9.05387579529814e-13
5.131969115250998 7.930134906384816e-13
5.395846400827217 7.930134906384816e-13
5.7619759646452655 7.179845648236754e-13
6.035177128059935 6.831756428094614e-13
6.248870862052315 6.185387416369906e-13
6.458203261719787 5.070327024327608e-13
6.649038969491775 4.0208377322407276e-13
6.8326569227959535 3.0089659013186385e-13
7.088883337714428 2.4461844924045977e-13
7.58597782109828 1.7563227082575598e-13
8.133261820132088 1.3252632599817947e-13
8.719666230440216 1.0509516438131138e-13
9.45655562416961 8.979195142523245e-14
9.905276959896826 8.197266691668853e-14
10.335637616982364 7.239560973644619e-14
10.953053425035282 5.934461203156204e-14
11.788632584109852 4.477948934642464e-14
12.445272161552479 3.4927336443146844e-14
13.292406975298594 2.4870439112267922e-14
14.088209127507836 1.7563227082576028e-14
15.047385462024266 1.2300649892359257e-14
15.7020298335568 1.0167033267315257e-14
16.195647304737488 9.053875795298584e-15
16.768870623380085 8.334188315525183e-15
17.42863082742387 8.129651756215251e-15
18.148308249612015 8.473396986001152e-15
18.931949143608417 1.0167033267315257e-14
19.863741217633965 1.2402955338330599e-14
21.08306840115992 1.5901527657026117e-14
22.901443830987876 2.0052026661265334e-14
24.878376491746657 2.3275899579254873e-14
27.449192844016935 2.3664684534896574e-14
29.65100744473339 2.3083908943000566e-14
