1.3352859292396166 9.833933626631151e-11
1.3929996118342316 5.950390320456357e-11
1.5160182905888615 4.048300361468527e-11
1.6615777723263712 2.9947711199679436e-11
1.840479935763183 2.4495759479144e-11
2.0895908396695893 1.873817422860356e-11
2.38920938121219 1.4333875776354328e-11
2.6745997859468384 1.0782693803920401e-11
3.1015396345004405 8.248284578543923e-12
3.258493397372216 5.426820470654694e-12
3.447618023214607 3.3955418765881688e-12
3.6093355475523223 2.7312637228008187e-12
3.955883484988103 2.6413027395809477e-12
4.290081509439167 2.824288716208015e-12
4.587351529235558 2.5118864315095512e-12
4.92254724223166 1.921482191077434e-12
5.3761915261279585 1.6805620239098561e-12
5.830378964640931 1.4698490203671045e-12
6.212435150323455 1.2855557319138926e-12
6.526816131496118 1.034059323027141e-12
6.930029269844862 7.397601098159529e-13
7.43640339168518 5.292201403618596e-13
7.951689588135376 3.849945179045041e-13
8.623458350154644 3.0967709969353356e-13
9.286257777035187 2.4909421203339366e-13
10.070772542296991 2.003633027109267e-13
11.194497254944867 1.4333875776354447e-13
12.183106476315949 1.0254372531899626e-13
13.447360872301852 6.416123683929428e-14
14.480925680909953 4.2213809451694844e-14
15.539040407353214 2.9204820779153014e-14
16.67447110095126 2.310129700083158e-14
17.45662102821388 2.234039816323483e-14
18.275459286099597 2.310129700083158e-14
19.74962976879931 3.22916999994389e-14
22.66122108393425 5.3366992312063014e-14
25.368097721780074 6.416123683929428e-14
29.730390430433644 6.416123683929428e-14
