8.550634374703467 7.434551562201262e-12
8.49311758091385 5.750265803585724e-12
8.43636940317269 4.583222465142492e-12
8.380374536832637 3.751764874726557e-12
8.325118080894429 3.190682864486033e-12
8.270585524786704 2.8327751461710702e-12
8.216762735661987 2.5967448768848983e-12
8.163635946185517 2.424803517254397e-12
8.111191742794746 2.2929862057985693e-12
8.059417054408511 2.19336972738136e-12
8.008299141565844 2.1238698178831054e-12
7.957825585975552 2.077085795289641e-12
7.907984280458483 2.0221058974143964e-12
7.85876341926541 1.9293083250067296e-12
7.8101514887542685 1.7798477321194109e-12
7.76213725841126 1.6647669612874569e-12
7.714709772201127 1.6183433696617789e-12
7.667858340232625 1.5996612858782747e-12
7.621572530725831 1.552582441564873e-12
7.575842162268652 1.4716555842161423e-12
7.5306572963504275 1.4092345765572881e-12
7.486008230161163 1.3753124594872508e-12
7.441885489645389 1.348546097550327e-12
7.398279822800232 1.3207919861101902e-12
7.355182193207743 1.293108241622503e-12
7.3125837737919674 1.2666807792502402e-12
7.2704759407916955 1.2421477789176017e-12
7.2288502679402855 1.2195134020947257e-12
7.187698520844257 1.1986529483186005e-12
7.147012651552814 1.1793236174909563e-12
7.106784793310774 1.1605768920201976e-12
7.0670072554876855 1.1411314089298093e-12
7.027672518676314 1.1199174218100786e-12
6.988773229953904 1.0979374170580117e-12
6.950302198299943 1.0787664381025296e-12
6.912252390164452 1.0641076591200573e-12
6.8746169251810585 1.0520687725828006e-12
6.8373890720193335 1.0397534103793998e-12
6.800562244371195 1.0252966940174332e-12
6.764129997066303 1.0097744575599823e-12
6.728086022311667 9.963803662348475e-13
6.6924241460508345 9.862901139748759e-13
6.657138324438257 9.786721984581593e-13
6.622222640424612 9.727041273998178e-13
6.587671300449017 9.676266999816953e-13
6.55347863123425 9.627090871612016e-13
6.519639076681273 9.573682272538054e-13
6.486147194859457 9.515490244100138e-13
6.45299765508912 9.455877765225224e-13
6.4201852351130535 9.397611277926418e-13
6.387704818353925 9.343494002761293e-13
6.355551391254501 9.29513689739353e-13
6.323720040697801 9.252189074489817e-13
6.292205951504392 9.213964636634244e-13
6.261004404004143 9.179922361647002e-13
6.230110771679869 9.149402737677461e-13
6.199520518880399 9.122349486847482e-13
6.169229198600682 9.11560497937535e-13
6.139232450326663 9.114716576552655e-13
6.109525997942718 9.11889589025553e-13
6.0801056476995665 9.127896279814774e-13
6.050967286240592 9.141232385909105e-13
6.022106878684668 9.158517648455845e-13
5.993520466763569 9.179327309408235e-13
5.965204167012191 9.20323887491359e-13
5.93715416900983 9.229811447620644e-13
5.909366733670848 9.258585901920965e-13
5.8818381915831095 9.289078888686137e-13
5.854564941392661 9.320779421253129e-13
5.827543448233121 9.353145420616222e-13
5.800770242198391 9.38560120095707e-13
5.774241916857243 9.417535806812888e-13
5.747955127808513 9.448302474398476e-13
5.721906591275555 9.477219407908099e-13
5.696093082738751 9.503572100075182e-13
5.67051143560487 9.526617410659416e-13
5.645158539912126 9.54558959293026e-13
5.6200313410698035 9.55975503303929e-13
5.595126838631421 9.569021079636316e-13
5.570442085100342 9.573787683478662e-13
5.545974184766881 9.574497314727828e-13
5.521720292575924 9.571618772393488e-13
5.497677613024121 9.565641593854494e-13
5.473843399085772 9.55707091843507e-13
5.4502149511665365 9.546422941395663e-13
5.426789616084114 9.534221064123617e-13
5.4035647860751075 9.520992817698527e-13
5.380537897827277 9.507259873048337e-13
5.357706431536431 9.49330251359391e-13
5.335067909987232 9.479117286146243e-13
5.312619897657202 9.464684661922847e-13
5.290359999843254 9.44998525133162e-13
5.268285861810103 9.434999824240857e-13
5.246395167959884 9.419709331365217e-13
5.224685641022416 9.404094926726101e-13
5.203155041265458 9.388137991137984e-13
5.18180116572444 9.371820156665774e-13
5.1606218474510515 9.355122626315656e-13
5.139614954780224 9.337945805192461e-13
5.118778390614896 9.32003588840459e-13
5.098110091728148 9.301123861088102e-13
5.077608028082149 9.280943911730398e-13
5.0572702021634806 9.259234479566013e-13
5.037094648334373 9.235739516322494e-13
5.017079432199403 9.210209946624737e-13
4.997222649987233 9.182405306097883e-13
4.977522427946976 9.152095530468556e-13
4.95797692175878 9.119062902828749e-13
4.938584315958247 9.083237229245034e-13
4.919342823374304 9.044986696458881e-13
4.90025068458017 9.004760470927252e-13
4.88130616735705 8.96299741286796e-13
4.8625075661702315 8.920123619771099e-13
4.843853201657227 8.876550645816968e-13
4.825341420127671 8.832674355729235e-13
4.806970593074623 8.788874362559181e-13
4.788739116697004 8.745513994234688e-13
4.770645411432852 8.702940732800562e-13
4.752687921503125 8.661440891301578e-13
4.734865114465766 8.621032214634669e-13
4.717175480779759 8.581643242789342e-13
4.699617533378931 8.543205387496395e-13
4.682189807255227 8.505652809727115e-13
4.66489085905123 8.468922223981829e-13
4.647719266661679 8.432952721800417e-13
4.630673628843751 8.397685612809144e-13
4.613752564835895 8.363064281806282e-13
4.596954713984987 8.329034060552051e-13
4.580278735381599 8.295544746852507e-13
4.563723307503187 8.262574364209672e-13
4.547287127864976 8.230117005966469e-13
4.5309689126783805 8.198167114021957e-13
4.514767396516724 8.166719279288802e-13
4.498681331988143 8.135768239440945e-13
4.482709489415422 8.105308876754097e-13
4.466850656522647 8.075336216037914e-13
4.451103638128489 8.045845422658574e-13
4.4354672558459285 8.016831800650631e-13
4.419940347788315 7.988292029359635e-13
4.404521768281561 7.960248635538836e-13
4.389210387582344 7.932747780391723e-13
4.374005091602173 7.905835362425391e-13
4.358904781637153 7.879556147216098e-13
4.343908374103349 7.853953879631678e-13
4.329014800277573 7.829071401891142e-13
4.314223006043509 7.804950777235924e-13
4.299531951642999 7.781633419085144e-13
4.284940611432416 7.759160225647875e-13
4.270447973643965 7.737570425052041e-13
4.25605304015182 7.716827561408527e-13
4.241754826242977 7.696781009017756e-13
4.227552360392698 7.677273461602165e-13
4.213444684044467 7.658150524360713e-13
4.199430851394328 7.639260457952274e-13
4.185509929179511 7.620454015605993e-13
4.171680996471255 7.60158436949675e-13
4.1579431444717185 7.582507122852775e-13
4.1442954763148965 7.563080404350185e-13
4.130737106871436 7.543165160202174e-13
4.117267162557278 7.522675429050627e-13
4.103884781146028 7.501654605226593e-13
4.090589111584974 7.480165607570305e-13
4.077379313814673 7.458270499445716e-13
4.0642545585920145 7.436030378011692e-13
4.051214027316697 7.413505279958011e-13
4.0382569118610325 7.390754103267361e-13
4.025382414403002 7.367834544467254e-13
4.012589747262505 7.344803050758532e-13
3.9998781327407102 7.321714786348684e-13
3.9872468029624555 7.298627742692671e-13
3.974694999721624 7.275616493950466e-13
3.962221974329433 7.252758653757452e-13
3.9498269874655696 7.230129886295542e-13
3.937509309032104 7.20780396680014e-13
3.9252682180101472 7.185852864502321e-13
3.913103002319151 7.164346846418548e-13
3.9010129586788325 7.14335460067593e-13
3.8889973924736427 7.122943378229416e-13
3.8770556176197357 7.103179152016989e-13
3.8651869564343824 7.084127182565039e-13
3.8533907395077662 7.065854815281255e-13
3.841666305577133 7.04843002949058e-13
3.8300130014032217 7.031920266230212e-13
3.8184301816489388 7.016392680481534e-13
3.806917208760234 7.001914420537889e-13
3.795473452849111 6.988552927515326e-13
3.78409829157876 6.976376256366775e-13
3.7727911100507328 6.965453420206885e-13
3.7615513006941446 6.955854760249114e-13
3.750378263156848 6.947638756567361e-13
3.7392714041985395 6.94066436757477e-13
3.728230137585763 6.934638169492235e-13
3.7172538839887608 6.929263773614288e-13
3.706342070880152 6.924244763987824e-13
3.6954941324353814 6.919284083441007e-13
3.6847095094349145 6.914083797210198e-13
3.673987649168143 6.908345239233503e-13
3.6633280053389545 6.901769546449279e-13
3.652730037972956 6.894058584374544e-13
3.642193213326285 6.884923585721983e-13
3.6317170037960107 6.874335071221699e-13
3.6213008878320667 6.86258229923499e-13
3.610944349850698 6.849973716477953e-13
3.600646880149393 6.836815873459119e-13
3.5904079748232562 6.823412452562564e-13
3.580227135682818 6.810063706981373e-13
3.5701038701732273 6.79706630226039e-13
3.5600376912948146 6.784713549950302e-13
3.5500281175250006 6.773296023076791e-13
3.5400746727415067 6.763101421207322e-13
3.530176886146868 6.754258004414095e-13
3.5203342921941982 6.746573589392515e-13
3.5105464305141965 6.739819465468669e-13
3.5008128458433694 6.73376842315746e-13
3.491133087953443 6.728193957379122e-13
3.481506711581945 6.722869697770195e-13
3.4719332763639237 6.717569064993143e-13
3.4624123467648062 6.712065154072159e-13
3.4529434920143403 6.706130846854021e-13
3.4435262860416294 6.699539170019218e-13
3.434160307411226 6.692188939585773e-13
3.424845139260258 6.684409102882374e-13
3.415580369236588 6.676620025771469e-13
3.4063655894379594 6.669240844723414e-13
3.397200396352137 6.662689799146309e-13
3.388084390798004 6.657385354940729e-13
3.3790171778676057 6.65374812576284e-13
3.369998366869131 6.652203611959702e-13
3.361027571270783 6.653185798116122e-13
3.3521044086455687 6.65714167943292e-13
3.3432285006169487 6.664421577139996e-13
3.3343994728053534 6.674703389060391e-13
3.32561695477555 6.687408762031428e-13
3.3168805799848244 6.701947678757927e-13
3.308189985731997 6.717712855285317e-13
3.2995448131072207 6.734075163324237e-13
3.2909447069425752 6.750380624414853e-13
3.2823893157634263 6.765949166324736e-13
3.273878291740544 6.780075366330059e-13
3.2654112906429655 6.792031415915396e-13
3.256987971791579 6.801143114295839e-13
3.2486079980134392 6.807504719561226e-13
3.2402710355967703 6.811704221320603e-13
3.2319767542466726 6.814355165516764e-13
3.2237248270414995 6.816084775339655e-13
3.2155149303899035 6.817530596587153e-13
3.20734674398854 6.819338846060024e-13
3.199219950780409 6.822164557648254e-13
3.191134236913833 6.826673612284611e-13
3.183089291702052 6.833546753993865e-13
3.1750848075834304 6.843464432398557e-13
3.167120480082262 6.856641731508726e-13
3.1591960077701606 6.872814259017751e-13
3.151311092228037 6.891696331883916e-13
3.143465438008634 6.912998205102544e-13
3.1356587525996265 6.936422407816217e-13
3.127890746387267 6.961660333292105e-13
3.1201611326205683 6.988389090883296e-13
3.112469627376025 7.016268648789198e-13
3.1048159495228433 7.044939317009015e-13
3.0971998206886906 7.074020538087214e-13
3.0896209652259454 7.103170451339274e-13
3.0820791101784413 7.13212860267075e-13
3.074573985248698 7.160628838261558e-13
3.0671053227656313 7.188390347400897e-13
3.0596728576527257 7.215117976275709e-13
3.052276327396677 7.240502931504617e-13
3.0449154720164846 7.264223922349036e-13
3.037590034032991 7.285948786543033e-13
3.0302997584388573 7.305336637313653e-13
3.0230443926689765 7.322040921076522e-13
3.0158236865713004 7.335938727410295e-13
3.0086373923780942 7.347530440142712e-13
3.001485264677596 7.357443385534689e-13
2.9943670603860775 7.366326394825946e-13
2.987282538720308 7.374846429474129e-13
2.980231461170401 7.383686880806991e-13
2.973213591473049 7.393547697703376e-13
2.9662286955851345 7.405147489351983e-13
2.9592765416577116 7.419227768382735e-13
2.9523569000103524 7.436559547134533e-13
2.945469543105855 7.457765140123146e-13
2.9386142455253017 7.482623344675874e-13
2.9317907839434634 7.510654094994454e-13
2.9249989371045526 7.541360400657996e-13
2.918238485798304 7.574221575450678e-13
2.9115092128363935 7.608687157268862e-13
2.9048109030291775 7.644171666413003e-13
2.898143343162756 7.680050383514319e-13
2.8915063219763484 7.715656387733634e-13
2.8848996301399796 7.75027914839026e-13
2.8783230602324754 7.783234445270318e-13
2.8717764067197504 7.814384254177239e-13
2.8652594659334 7.843880949514523e-13
2.8587720360495776 7.871893644402615e-13
2.8523139170681606 7.898605463859681e-13
2.8458849107921957 7.924212827028057e-13
2.839484820807625 7.948924798271889e-13
2.833113452463283 7.972962539476758e-13
2.826770612851161 7.99655889538763e-13
2.820456110786941 8.019958143451484e-13
2.8141697567907813 8.043410643022591e-13
2.8079113630683703 8.067091802816215e-13
2.8016807434922195 8.091114401602177e-13
2.795477713583216 8.115594194174047e-13
2.7893020904924115 8.140652130809338e-13
2.7831536929830603 8.166414689689566e-13
2.777032341412884 8.193014279677531e-13
2.77093785771658 8.220589722289373e-13
2.7648700653885525 8.249286823003668e-13
2.7588287894658734 8.279259043651421e-13
2.752813856511466 8.310663083220312e-13
2.7468250945975066 8.343456953190689e-13
2.740862333289044 8.377321337697194e-13
2.7349254036278294 8.4118993642394e-13
2.72901413811636 8.44681265982283e-13
2.723128370702126 8.481660041086221e-13
2.7172679367620587 8.516016709968338e-13
2.711432673087189 8.549434053751208e-13
2.705622417867489 8.58144015592017e-13
2.699837010676919 8.611541127256735e-13
2.694076292458662 8.639225017712897e-13
2.688340105510546 8.664261115091529e-13
2.682628293470653 8.687062605330839e-13
2.676940701303115 8.708151591399631e-13
2.67127717528408 8.728075329386683e-13
2.665637562987869 8.747403891732588e-13
2.6600217132732955 8.766728806834605e-13
2.654429476270168 8.786662812178894e-13
2.6488607033659552 8.807840854897675e-13
2.643315247192623 8.830922481359559e-13
2.6377929616136324 8.856595772925358e-13
2.6322937017111045 8.885354924639331e-13
2.6268173237731425 8.916880800438625e-13
2.6213636852813145 8.950648253275023e-13
2.615932644898287 8.986106485150943e-13
2.6105240624556187 9.022674544201241e-13
2.605137798941699 9.059737697477153e-13
2.5997737164898385 9.096644852460806e-13
2.5944316783665085 9.132707237101855e-13
2.589111548959718 9.167198576442197e-13
2.583813193767543 9.199357019411323e-13
2.5785364793867895 9.22851019390436e-13
2.5732812735017965 9.254744973361954e-13
2.568047444873376 9.278472472535852e-13
2.5628348633278906 9.30012989600773e-13
2.557643399746458 9.320176892098722e-13
2.5524729260542913 9.33909310399576e-13
2.547323315210167 9.357376320309426e-13
2.54219444119602 9.3755413225946e-13
2.5370861790066614 9.394119519298599e-13
2.531998404639626 9.413659452335673e-13
2.5269309950851366 9.43470025025299e-13
2.52188382831619 9.457468317682725e-13
2.516856783278764 9.481981429927619e-13
2.511849739882136 9.508256077331185e-13
2.5068625789893204 9.536311136356678e-13
2.5018951824076243 9.56616791526141e-13
2.4969474328793035 9.597850208856307e-13
2.4920192140723394 9.63138436266562e-13
2.4871104105713226 9.66679934687175e-13
2.4822209078684403 9.70412684050452e-13
2.4773505923545733 9.743404009530598e-13
2.472499351310498 9.784740146450466e-13
2.467667072898189 9.828325949672539e-13
2.4628536461522237 9.874368655755945e-13
2.458058960971292 9.923090257377378e-13
2.453282908109798 9.974729343751753e-13
2.4485253791695634 1.0029543224423417e-12
2.4437862665916272 1.0087810386143497e-12
2.439065463648142 1.0149833343251054e-12
2.434362864434356 1.0215941955348464e-12
2.4296783638607002 1.0286495903898335e-12
2.4250118576449555 1.0361775903863716e-12
2.4203632423045183 1.044189057750299e-12
2.415732415148745 1.0526939884353162e-12
2.4111192742713983 1.0617033417885711e-12
2.4065237185431645 1.0712290266289946e-12
2.4019456476042684 1.0812838846626851e-12
2.397384961857165 1.091881669653786e-12
2.3928415624593193 1.103037020508527e-12
2.3883153513160624 1.1147654261100203e-12
2.383806231073533 1.1270831674384446e-12
2.3793141051116984 1.1399952993451467e-12
2.374838877537452 1.1534701098358176e-12
2.370380453177791 1.1674621724973073e-12
2.365938737573068 1.1819165004626216e-12
2.361513636970321 1.1967668966517657e-12
2.3571050583166757 1.2119342213458962e-12
2.352712909252826 1.227324624536557e-12
2.348337098106581 1.2428278143721256e-12
2.343977533886489 1.2583154617962644e-12
2.3396341262755285 1.2736398743236705e-12
2.335306785624873 1.2886586857136412e-12
2.330995422947721 1.3033441775978045e-12
2.3266999499131993 1.3177126337752668e-12
2.3224202788403288 1.3317883666118134e-12
2.3181563226920563 1.3456040806946053e-12
2.3139079950693575 1.3592012181890898e-12
2.3096752102053997 1.372630293553588e-12
2.305457882959771 1.3859512424789868e-12
2.3012559288127705 1.399233816265089e-12
2.2970692638597634 1.4125580597413295e-12
2.2928978048055937 1.4260098149996869e-12
2.288741468959064 1.4396394062018112e-12
2.2846001742274678 1.4534783045658617e-12
2.280473839111187 1.4675614131444146e-12
2.276362382698344 1.4819276078997824e-12
2.272265724659515 1.4966201326320298e-12
2.268183785242496 1.5116870578701375e-12
2.2641164852671296 1.5271818174284643e-12
2.2600637461201827 1.5431638394346083e-12
2.256025489750285 1.5596992925649688e-12
2.252001638662915 1.5768595497566875e-12
2.2479921159154452 1.5946803075626874e-12
2.243996845112237 1.613161361732725e-12
2.240015750399788 1.6322986362359194e-12
2.236048756461931 1.65208471861043e-12
2.2320957885150876 1.672508199313084e-12
2.228156772303565 1.6935529275144187e-12
2.224231634094909 1.715197178012736e-12
2.220320300675302 1.7374127255471678e-12
2.21642269934501 1.7601638252389221e-12
2.212538757913882 1.783407013175728e-12
2.20866840469689 1.8071315093418097e-12
2.204811568509718 1.8313836613552623e-12
2.2009681786643998 1.8562206503415084e-12
2.1971381649649997 1.8817074495726318e-12
2.193321457703339 1.9079178471544512e-12
2.1895179876547677 1.934935643239008e-12
2.1857276860739767 1.9628560615794507e-12
2.1819504846908586 1.991787425849417e-12
2.178186315706407 2.0218531650019254e-12
2.1744351117886627 2.0531941363895993e-12
2.1706968060686958 2.0859490185372292e-12
2.166971332136633 2.1202218060798343e-12
2.163258624037726 2.1561197747342256e-12
2.1595586162684586 2.1937611868520615e-12
2.1558712437726957 2.233276780875378e-12
2.1521964419378685 2.274811516354206e-12
2.1485341465912016 2.3185266281793433e-12
2.1448842939959767 2.364602057144434e-12
2.1412468208478357 2.413239341378971e-12
2.137621664271121 2.4646650759163572e-12
2.1340087618152537 2.519108532531528e-12
2.130408051451144 2.5767151885827616e-12
2.1268194715676425 2.6375993909028603e-12
2.12324296096803 2.7018597270858387e-12
2.119678458866533 2.7695704797527667e-12
2.116125904884885 2.840770545830926e-12
2.1125852390489133 2.9154492639165452e-12
2.109056401785166 2.993528561330974e-12
2.1055393339175708 3.0748408644490693e-12
2.102033976664128 3.159102361679957e-12
2.0985402716336328 3.2459473331696566e-12
2.0950581608224357 3.3353348968035028e-12
2.091587586611232 3.4274156577038657e-12
2.0881284917618825 3.5223848188849297e-12
2.084680819414268 3.6204936879208703e-12
2.081244513083173 3.722064544234354e-12
2.077819516655201 3.827509072672311e-12
2.074405774385721 3.937351435150634e-12
2.071003230895842 4.052257510015799e-12
2.067611831169419 4.173072521014613e-12
2.0642315205500874 4.3008344004336786e-12
2.0608622447383267 4.436359854125967e-12
2.057503949788554 4.580243856799077e-12
2.0541565821062444 4.733111352578682e-12
2.0508200884450796 4.895618185244344e-12
2.0474944159041235 5.068442719209985e-12
2.0441795119250283 5.252272220790245e-12
2.0408753242892654 5.447781907917125e-12
2.0375818011153832 5.655603892150526e-12
2.0342988908562907 5.876282408670897e-12
2.031026542296569 6.11022403728654e-12
2.0277647045498086 6.358024193551743e-12
2.0245133270559705 6.620680035839175e-12
2.021272359578775 6.8993032106220275e-12
2.0180417522031133 7.1951161784077595e-12
2.0148214553324846 7.509472564716817e-12
2.0116114196864605 7.843884237912709e-12
2.0084115962981683 8.20005782127238e-12
2.005221936511804 8.57994448991094e-12
2.0020423919801615 8.985808564590222e-12
1.9988729146621955 9.420320029042966e-12
1.9957134568205979 9.886376553527004e-12
1.992563971019402 1.0386744308670136e-11
1.9894244101216114 1.0924370606806639e-11
1.986294727286843 1.1502440808420654e-11
1.9831748759690009 1.2124391566678127e-11
1.9800648099139695 1.2793927222716384e-11
1.9769644831573259 1.3515043393389785e-11
1.973873850022076 1.4292064955947364e-11
1.9707928651164115 1.5129710675401873e-11
1.9677214833314869 1.6033204598990636e-11
1.9646596598392194 1.7008466504123917e-11
1.9616073500901074 1.8062432403806448e-11
1.9585645098110682 1.9203585197595874e-11
1.9555310950033011 2.0442821931123103e-11
1.9525070619401617 2.179486141569918e-11
