0.000004124626382901686 8.429100850285834e-15
0.000005050061921841679 6.792525070056503e-15
0.000006504094059042681 5.777217924133596e-15
0.000006504094059042761 1.794346244249504e-14
0.00000796340678996033 2.4804544143144584e-14
0.000008376776400683677 1.7000776188231233e-14
0.000010256259743728443 1.3699942677167564e-14
0.000011937766417145481 1.7000776188231233e-14
0.000012557439628237074 4.2550655024660027e-14
0.000014616223148108887 4.740031742312757e-14
0.000017895640746369466 5.0028646105759085e-14
