275.1442488979984 9.910458562490068e-15
505.00619218422577 5.473703262879045e-15
975.0143083220526 2.5713207233670437e-15
1701.2542798528918 1.2748783617711807e-15
2424.4620170827375 1.0273507681794706e-15
2550.312541443611 1.860078401807579e-15
2682.695795280243 3.367780283069413e-15
2682.695795280265 8.89649112819964e-15
2821.9508836907553 2.1096905134064824e-14
3284.607774365041 2.9163775740535255e-14
4680.903310145602 3.819717549284196e-14
8591.439458055067 4.4910071862900545e-14
20309.176209052457 5.882084376197664e-14
37275.93720315899 1.0090350448415795e-13
50500.61921842629 1.6399996297486684e-13
61831.358884192734 3.1339621714186e-13
83767.76400685322 8.278825906281462e-13
92690.01811445663 2.864384071493696e-12
92690.01811445816 7.566695371401969e-12
