0.000023048218509531734 0.8278825906280024
0.00011065117854514889 0.03619043056251882
0.00048008560184139404 0.0018600784018072516
0.0021910855798931875 0.00010090350448414495
0.016587472649507534 0.0000017623564405717902
0.11937766417148557 3.4289112935753176e-8
0.3823116941465026 2.713899431208405e-9
0.6670767806719232 5.093675216780552e-10
1.5768929001683047 4.031519362860819e-11
6.1831358884189696 4.826071479434507e-13
9.269001811444754 1.3948620224198323e-13
17.012542798529196 4.2550655024660027e-14
49.23882631707638 1.1652154917033947e-14
110.65117854511178 4.1792057231759496e-15
183.54233977520957 2.0720787171545513e-15
236.3885156638588 1.7623564405720245e-15
275.14424889799164 2.186974655009819e-15
289.42661247173316 1.2298262256559081e-14
304.45035410468614 2.9163775740535255e-14
354.3647785579315 5.0028646105759085e-14
618.3135888419021 1.0090350448415795e-13
1461.62231481108 1.8269167179411634e-13
3122.5219107676085 4.332302267359348e-13
5731.149775015606 1.274878361771134e-12
8167.476848281223 3.0232130250210492e-12
10519.086393083753 9.38979801047792e-12
14251.026703034626 3.078089546545964e-11
19306.977288839407 1.8269167179410813e-10
22472.34282811908 6.671427180414014e-10
28942.661247179236 7.566695371401628e-9
39210.88038231588 4.572526698969479e-7
45639.47703264505 0.000005777217924132827
48008.56018414176 0.000021096905134061973
