0.00016587472649507126 0.0000024362325981517607
0.0002486591218600698 0.0000010843169582372044
0.00037275937203162644 5.093675216780323e-7
0.0005050061921843043 3.133962171418331e-7
0.0006183135888419779 2.6655157314162185e-7
0.0007570435770164122 3.491151937172571e-7
0.0008811603465433388 5.674221042796638e-7
0.0010788648231418298 2.813317514858891e-7
0.0012557439628240361 4.826071479434083e-7
0.0013894954943736361 2.969314848202594e-7
0.0015374931403554042 4.826071479434083e-7
0.001701254279853198 3.133962171418331e-7
0.0018824579107064097 4.572526698969479e-7
0.0020829618638119555 3.307739122992124e-7
0.002191085579893026 4.572526698969479e-7
0.00255031254144407 3.307739122992124e-7
0.002968434514257724 3.491151937172571e-7
