0.000020873015873015845 5.916883566768641e-12
0.000021380952380952356 4.985106244585557e-12
0.00002214285714285712 4.3371985341833726e-12
0.000022904761904761883 3.733301142886842e-12
0.000023603174603174584 3.5009511142696646e-12
0.000024111111111111085 3.5009511142696646e-12
0.000024206349206349176 6.446178474264387e-12
0.000024746031746031713 6.873996431179536e-12
0.000025444444444444415 7.409133871207204e-12
0.00002607936507936505 6.94801048439349e-12
0.000026396825396825364 6.242360376291248e-12
0.0000264285714285714 4.2909962948762587e-13
0.000026587301587301558 6.1100745845585565e-12
0.000027095238095238072 5.8538536481818605e-12
0.000027539682539682513 7.098437955478323e-12
0.00002760317460317458 4.067263652167232e-12
0.00002804761904761902 4.33719853418339e-12
0.000028238095238095208 6.175863298586903e-12
0.000028396825396825365 8.888678726750742e-12
