0.000049238826317083224 9.057977759426105e-8
0.00020309176209053618 2.1096905134062925e-8
0.0010256259743730623 4.179205723175573e-9
0.013547779883629646 3.3077391229922666e-10
0.08811603465432524 5.002864610575704e-11
0.44499143131144964 9.38979801047792e-12
1.8354233977522156 2.4362325981519698e-12
6.8417127315801824 5.376117474556507e-13
11.348672281082733 7.704043920110132e-14
38.23116941464463 1.4459599030676243e-14
81.67476848280354 5.777217924133596e-15
165.8747264950387 2.3082415267617247e-15
236.3885156638588 1.6697684466458352e-15
275.14424889799164 2.4362325981520796e-15
289.42661247173083 6.792525070056503e-15
289.42661247173555 2.2266720103522377e-14
412.4626382902276 5.882084376197664e-14
881.1603465432307 1.2521496890657207e-13
2082.961863811734 2.665515731416464e-13
3823.1169414648075 6.32093391750842e-13
6341.5847702392 1.7623564405719452e-12
9037.40939002092 4.913672985921197e-12
12243.683313421903 1.4459599030675595e-11
14990.77810793206 4.255065502465811e-11
18354.233977524258 1.1863661590504362e-10
20309.17620905495 3.6847349186955175e-10
23638.85156639091 1.084316958237251e-9
30445.03541047434 3.36778028306911e-9
43387.30126093768 4.25506550246562e-8
50500.61921843621 1.5538398312750374e-7
65040.940590453676 0.000002571320723366723
79634.0678996375 0.00002226672010351946
83767.76400687447 0.00005882084376196906
107886.48231420682 0.0010843169582371555
