0.0006673873873873874 1.1023716664825247e-8
0.0006854054054054055 1.0758358985421764e-8
0.0006861261261261262 7.64888063548564e-9
0.0006936936936936936 7.64888063548564e-9
0.0006944144144144144 9.238648960611565e-9
0.0007048648648648649 9.295097898806456e-9
0.0007054054054054054 1.2759101897032698e-8
0.0007291891891891892 1.2681616133864927e-8
0.0007300900900900901 6.142706828705135e-9
0.0007542342342342341 6.142706828705161e-9
0.0007551351351351352 3.8663537521923925e-9
0.000763063063063063 3.842873465446288e-9
0.0007637837837837837 5.3396553656836955e-9
0.0007713513513513513 5.37228111832402e-9
0.0007724324324324324 1.2451970847350318e-8
0.0007794594594594594 1.2604600940141791e-8
0.0007799999999999999 1.6988644564620446e-8
0.000804144144144144 1.6885472875899804e-8
0.0008048648648648648 9.939270205855308e-9
0.0008205405405405405 9.759284742640187e-9
0.0008218018018018018 7.464760408417098e-9
0.0008380180180180179 7.464760408417128e-9
0.000839099099099099 3.842873465446272e-9
0.0008464864864864865 3.8663537521923925e-9
0.0008470270270270271 1.1503938752643854e-8
0.0008542342342342342 1.1574228805920544e-8
0.0008553153153153152 1.2837061104864825e-8
0.0008628828828828828 1.2837061104864825e-8
0.0008637837837837837 1.5505157798326223e-8
0.0008947747747747746 1.569521234491303e-8
0.0008956756756756755 1.1503938752643854e-8
0.0009025225225225224 1.1503938752643854e-8
0.0009034234234234233 7.885430290935858e-9
0.0009113513513513512 7.837542235104771e-9
0.0009120720720720719 8.63988449483969e-9
0.0009167567567567567 8.63988449483969e-9
