7.443803013251689 5.276967099172266e-13
11.676365802593478 1.2158996715555608e-13
12.115276586285876 1.0034984648801567e-13
12.386503164713718 1.3942647194471718e-15
12.94730823078425 6.000902562070194e-16
15.006591177741202 1.0593747153126933e-15
18.047217668271703 2.5107942556472666e-15
19.86446729478655 3.4402648671881104e-15
23.889393726206546 5.116493787752494e-15
24.244620170823282 3.7329193847941e-15
24.78738824775339 2.6137141505953613e-15
29.37302790989699 3.580498139390726e-15
36.6524123707963 5.941490067712023e-15
36.92391072949539 4.706470709221152e-15
37.472955618625235 4.103481431239054e-15
42.482016981626124 5.0037987249055954e-15
48.16064644578414 5.977486724659623e-15
49.238826317067414 4.833125787559874e-15
49.970989443941804 3.750506932248954e-15
59.21556772949263 3.905959327792142e-15
62.8169611574489 2.0647415140422316e-15
66.14740641230152 1.2604139525131785e-15
69.65442604119565 1.5163643705860042e-15
74.43803013251689 1.121412360840187e-15
86.27747685955876 7.902942881737736e-16
91.52473108773883 7.228065082172743e-16
101.48696299574601 7.426655336696334e-16
112.53355826007646 8.399069032964064e-16
122.95426265956227 1.0969532280558689e-15
140.42224027954552 1.8842366842181724e-15
161.5598098439873 2.2507909736575164e-15
192.86632723157817 2.633653331323081e-15
218.64703366401716 2.957955812086498e-15
225.19777877586054 2.0012929639269114e-15
246.05128701222574 1.88109394438522e-15
262.94916429184667 1.6969997430401701e-15
340.4483879113663 2.3082161771861136e-15
440.78902149620626 2.7752349476448686e-15
474.5500803665089 2.8322588108130373e-15
550.0277681265247 3.3600591055668583e-15
666.3738540990363 5.206850299292426e-15
696.5442604119565 2.9477730745538195e-15
850.1335965997455 4.178517322861463e-15
895.2061908580012 4.89111432793209e-15
1100.694171252208 6.7456168978047704e-15
1084.5670604000106 2.883985894092006e-15
1275.760733063514 2.9627024333672257e-15
1435.658947801208 3.0025330046839213e-15
2202.666354019236 3.759662057593092e-15
2629.491642918464 4.647097415682778e-15
3638.2910316316343 6.31961511014588e-15
4407.890214962063 6.71781944669214e-15
5146.813856756945 5.069956080548378e-15
5965.419996153637 5.654998100329642e-15
7443.803013251681 1.2773589576067362e-14
9357.370945630159 2.301280871592817e-14
12478.254704700232 2.8241211161588445e-14
17138.561173534064 5.914277656366935e-14
18725.606696516214 8.215696424148793e-14
29157.05054699024 2.2314946429988353e-13
31857.018535284515 2.934465437999103e-13
34297.02186057443 1.7912157272024936e-13
33546.0218595405 3.274019584133405e-13
33794.51000224736 5.217382608664294e-13
